A sample set of data

Fever	Tiredness	Dry-Cough	Difficulty-in-Breathing	Sore-Throat	None_Symptom	Pains	Nasal-Congestion	Runny-Nose	Diarrhea	None_Experiencing	Gender_Female	Gender_Male	Gender_Transgender	Severity_present	Contact_Dont-Know	Contact_No	Contact_Yes
0	1	1	0	0	0	1	1	0	0	0	0	1	0	0	0	1	0
1	1	1	1	0	0	0	1	1	0	0	1	0	0	0	0	1	0
0	0	1	1	1	0	0	1	1	0	0	0	0	1	0	1	0	0
0	0	0	0	0	1	1	1	1	0	0	0	0	1	0	0	0	1
1	1	1	1	0	0	1	1	0	0	0	1	0	0	0	0	1	0
1	1	1	1	0	0	0	1	0	0	0	0	0	1	0	0	1	0
0	1	1	1	0	0	0	1	0	0	0	0	1	0	0	0	0	1
0	0	0	0	1	0	1	1	1	0	0	0	0	1	0	0	1	0
1	0	0	0	0	0	0	0	0	1	0	0	0	1	0	0	0	1
0	0	1	1	0	0	1	0	0	0	0	1	0	0	0	1	0	0
0	0	1	1	0	0	0	0	0	1	0	0	1	0	1	0	0	1
0	1	1	0	0	0	1	1	1	0	0	0	1	0	1	0	0	1
1	1	1	1	1	0	1	1	1	0	0	1	0	0	0	1	0	0
1	1	1	0	0	0	1	1	1	0	0	0	1	0	0	1	0	0
0	0	1	1	0	0	1	1	1	0	0	0	1	0	0	1	0	0
0	1	1	0	0	0	0	1	1	0	0	0	0	1	0	0	1	0
0	1	1	1	1	0	0	1	0	0	0	1	0	0	0	0	1	0
1	1	1	1	1	0	0	1	0	0	0	0	0	1	0	0	0	1
1	1	0	0	0	0	0	0	0	1	0	0	0	1	0	0	1	0
0	0	0	0	0	1	0	1	1	0	0	0	0	1	0	0	1	0
0	0	0	0	0	1	1	0	0	0	0	1	0	0	1	1	0	0
1	1	0	0	0	0	1	1	0	0	0	1	0	0	1	0	0	1
1	1	1	1	0	0	1	0	0	0	0	1	0	0	0	1	0	0
0	1	0	0	0	0	0	1	1	1	0	1	0	0	0	0	1	0
0	0	1	0	0	0	0	0	1	0	0	0	0	1	1	1	0	0
1	1	1	0	0	0	0	1	0	0	0	1	0	0	0	0	1	0
0	1	0	0	0	0	0	0	0	1	0	0	0	1	1	1	0	0
1	1	1	1	1	0	0	1	0	0	0	0	0	1	0	1	0	0
0	1	1	1	0	0	1	1	0	0	0	0	0	1	0	0	0	1
0	0	0	1	1	0	0	0	0	1	0	1	0	0	0	0	1	0
0	1	1	1	0	0	0	0	0	1	0	0	1	0	0	0	0	1
0	0	0	1	1	0	0	0	0	0	1	0	0	1	0	0	0	1
0	1	0	0	0	0	1	1	1	0	0	1	0	0	0	1	0	0
0	0	0	0	0	1	1	1	0	0	0	0	0	1	0	1	0	0
1	0	0	0	0	0	1	1	0	0	0	0	0	1	0	0	0	1
0	0	0	0	0	1	0	0	0	1	0	0	0	1	1	0	0	1
0	0	1	1	0	0	1	1	0	0	0	0	0	1	0	1	0	0
0	0	0	1	0	0	0	0	1	0	0	0	1	0	0	1	0	0
0	0	0	0	0	1	1	1	1	0	0	0	0	1	0	1	0	0
0	0	0	0	0	1	0	0	1	0	0	0	1	0	1	0	1	0
0	1	1	0	0	0	0	0	1	0	0	0	1	0	0	0	1	0
1	1	0	0	0	0	0	1	1	0	0	1	0	0	0	0	0	1
1	0	0	0	0	0	0	1	1	1	0	0	1	0	0	1	0	0
1	0	0	0	0	0	0	0	0	0	1	0	1	0	0	1	0	0
1	1	0	0	0	0	1	1	1	0	0	0	1	0	0	0	0	1
0	0	0	0	0	1	1	1	0	0	0	1	0	0	0	0	0	1
1	1	0	0	0	0	0	1	1	0	0	0	1	0	1	0	1	0
0	0	0	1	1	0	0	1	1	1	0	1	0	0	0	0	1	0
0	0	1	1	1	0	1	1	1	1	0	1	0	0	0	0	1	0
1	1	0	0	0	0	0	0	1	1	0	1	0	0	0	1	0	0
